Time,Reference,Target
0,63.33,63.33
0.02,62.92,62.92
0.04,62.52,62.52
0.06,62.58,62.58
0.08,62.59,62.59
0.1,62.33,62.33
0.12,62.03,62.03
0.14,61.39,61.39
0.16,60.93,60.93
0.18,59.94,59.94
0.2,59.43,59.43
0.22,58.8,58.8
0.24,58.72,58.72
0.26,58.2,58.2
0.28,58.12,58.12
0.3,58.38,58.38
0.32,58.49,58.49
0.34,58.66,58.66
0.36,58.92,58.92
0.38,59.2,59.2
0.4,59.52,59.52
0.42,59.77,59.77
0.44,60.03,60.03
0.46,60.15,60.15
0.48,59.96,59.96
0.5,60.19,60.19
0.52,60.12,
0.54,60.12,
0.56,60.4,
0.58,60.46,
0.6,60.33,
0.62,59.93,59.93
0.64,59.42,59.42
0.66,58.33,58.33
0.68,57.17,57.17
0.7,55.85,55.85
0.72,54.14,54.14
0.74,52.64,52.64
0.76,50.98,50.98
0.78,49.32,49.32
0.8,47.68,47.68
0.82,46.4,46.4
0.84,45.11,45.11
0.86,44.22,44.22
0.88,43.53,43.53
0.9,43.01,43.01
0.92,42.35,42.35
0.94,42.66,42.66
0.96,42.96,42.96
0.98,43.33,43.33
1,44.18,44.18
1.02,44.63,44.63
1.04,44.95,44.95
1.06,45.56,45.56
1.08,46.57,46.57
1.1,47.87,47.87
1.12,49.31,49.31
1.14,50.87,
1.16,52.32,
1.18,53.64,
1.2,53.99,53.99
1.22,52.99,52.99
1.24,51.26,51.26
1.26,49.35,49.35
1.28,48.21,48.21
1.3,45.75,45.75
1.32,44.09,44.09
1.34,42.59,42.59
1.36,41.48,41.48
1.38,40.09,40.09
1.4,38.12,38.12
1.42,35.81,35.81
1.44,33.72,33.72
1.46,31.82,31.82
1.48,30.36,30.36
1.5,28.09,28.09
1.52,26.83,26.83
1.54,25.81,25.81
1.56,24.53,24.53
1.58,22.69,22.69
1.6,21.5,
1.62,21.59,21.59
1.64,23.66,23.66
1.66,24.28,24.28
1.68,24.74,24.74
1.7,25.66,
1.72,26.52,26.52
1.74,26.87,26.87
1.76,27.54,27.54
1.78,28.83,
1.8,29.73,29.73
1.82,31,31
1.84,31.36,31.36
1.86,30.64,30.64
1.88,28.85,28.85
1.9,27.4,27.4
1.92,25.89,25.89
1.94,23.96,
1.96,21.92,
1.98,20.35,20.35
2,18.58,18.58
2.02,17.13,17.13
2.04,15.77,15.77
2.06,14.21,14.21
2.08,12.8,12.8
2.1,11.57,11.57
2.12,10.55,10.55
2.14,9.3,9.3
2.16,8.18,8.18
2.18,6.59,6.59
2.2,5.45,5.45
2.22,4.73,4.73
2.24,3.48,3.48
2.26,0,0
2.28,0,0
2.3,0,
2.32,0,
2.34,0,0
2.36,0,0
2.38,0,0
2.4,0,0
2.42,3.07,3.07
2.44,3.41,3.41
2.46,2.95,2.95
2.48,0,0
2.5,2.9,2.9
2.52,2.87,2.87
2.54,0,0
2.56,0,0
2.58,0,0
2.6,0,0
2.62,0,0
2.64,0,0
2.66,0,0
2.68,0,0
2.7,0,0
2.72,0,
2.74,0,0
2.76,0,0
2.78,0,0
2.8,0,0
2.82,0,0
2.84,0,0
2.86,0,0
2.88,0,0
2.9,0,0
2.92,0,0
2.94,0,0
2.96,0,0
2.98,0,0
3,0,0
3.02,0,0
3.04,0,0
3.06,0,0
3.08,0,0
3.1,0,0
3.12,0,0
3.14,0,0
3.16,0,0
3.18,0,0
3.2,0,0
3.22,0,0
3.24,0,
3.26,0,0
3.28,0,0
3.3,0,0
3.32,0,0
3.34,0,0
3.36,3.36,3.36
3.38,4.43,4.43
3.4,5.21,5.21
3.42,5.98,5.98
3.44,6.27,6.27
3.46,6.78,6.78
3.48,7.77,7.77
3.5,8.67,8.67
3.52,9.19,9.19
3.54,9.11,9.11
3.56,9.23,9.23
3.58,9.59,9.59
3.6,9.95,
3.62,10.67,
3.64,11.6,
3.66,12.03,
3.68,12.53,
3.7,12.84,12.84
3.72,13.06,13.06
3.74,13.38,13.38
3.76,13.71,13.71
3.78,13.77,13.77
3.8,13.89,13.89
3.82,14.56,14.56
3.84,15.27,15.27
3.86,15.62,15.62
3.88,15.91,15.91
3.9,16.06,
3.92,16.32,
3.94,16.39,16.39
3.96,16.17,16.17
3.98,15.82,15.82
4,15.63,15.63
4.02,15.66,15.66
4.04,15.73,15.73
4.06,15.51,15.51
4.08,15.16,15.16
4.1,15.27,15.27
4.12,15.91,15.91
4.14,17.01,17.01
4.16,18.05,18.05
4.18,18.69,18.69
4.2,19.54,19.54
4.22,20.22,20.22
4.24,20.58,
4.26,21.13,21.13
4.28,21.6,21.6
4.3,22.26,22.26
4.32,22.84,22.84
4.34,23.43,23.43
4.36,23.45,23.45
4.38,23.59,23.59
4.4,23.7,23.7
4.42,23.93,23.93
4.44,24.78,24.78
4.46,25.1,25.1
4.48,25.44,25.44
4.5,26.58,26.58
4.52,27.39,27.39
4.54,28.3,28.3
4.56,29.39,29.39
4.58,30.31,30.31
4.6,30.81,30.81
4.62,31.17,31.17
4.64,31.47,31.47
4.66,31.06,31.06
4.68,30.11,30.11
4.7,29.84,29.84
4.72,30.09,30.09
4.74,30,30
4.76,29.94,29.94
4.78,30.14,30.14
4.8,30.33,30.33
4.82,29.94,
4.84,29.73,
4.86,29.57,
4.88,29.59,
4.9,28.07,
4.92,27.39,
4.94,26.58,
4.96,26,
4.98,25.67,
5,25.6,
5.02,25.3,25.3
5.04,24.53,24.53
5.06,23.87,23.87
5.08,23.07,
5.1,22.62,
5.12,22.19,
5.14,21.76,21.76
5.16,21.17,21.17
5.18,20.19,20.19
5.2,18.94,18.94
5.22,17.66,17.66
5.24,16.86,16.86
5.26,16.46,16.46
5.28,16.23,16.23
5.3,16.11,16.11
5.32,16.09,16.09
5.34,15.98,15.98
5.36,15.85,15.85
5.38,15.82,15.82
5.4,16.07,16.07
5.42,16.62,16.62
5.44,17.36,17.36
5.46,18.32,18.32
5.48,19.35,19.35
5.5,20.15,20.15
5.52,21.11,21.11
5.54,21.89,21.89
5.56,22.44,22.44
5.58,21.32,21.32
5.6,19.6,19.6
5.62,18.38,18.38
5.64,17.19,17.19
5.66,16.05,16.05
5.68,15.01,15.01
5.7,14.31,14.31
5.72,13.79,13.79
5.74,13.11,13.11
5.76,12.29,12.29
5.78,11.28,11.28
5.8,11.13,11.13
5.82,11.94,11.94
5.84,12.87,12.87
5.86,13.75,13.75
5.88,14.72,14.72
5.9,15.71,15.71
5.92,16.27,16.27
5.94,16.55,16.55
5.96,16.61,16.61
5.98,16.41,16.41
6,15.91,
6.02,15.43,15.43
6.04,15.27,15.27
6.06,15.5,15.5
6.08,15.79,15.79
6.1,16.12,16.12
6.12,16.52,16.52
6.14,16.92,16.92
6.16,17.34,17.34
6.18,17.63,17.63
6.2,18.28,18.28
6.22,19.18,19.18
6.24,20.12,20.12
6.26,21.06,21.06
6.28,22.17,22.17
6.3,23.31,23.31
6.32,24.14,24.14
6.34,24.49,24.49
6.36,23.91,23.91
6.38,23.54,23.54
6.4,23.41,23.41
6.42,23.38,23.38
6.44,23.1,23.1
6.46,23.05,
6.48,23.55,
6.5,24.24,
6.52,24.89,24.89
6.54,26.58,26.58
6.56,27.46,27.46
6.58,28.7,28.7
6.6,29.61,29.61
6.62,30.55,30.55
6.64,31.34,31.34
6.66,32.3,32.3
6.68,33.26,33.26
6.7,34.23,34.23
6.72,35.34,35.34
6.74,36.33,36.33
6.76,37.3,37.3
6.78,39.33,39.33
6.8,39.83,39.83
6.82,39.65,39.65
6.84,39.69,39.69
6.86,39,39
6.88,38.39,38.39
6.9,36.89,36.89
6.92,35.74,35.74
6.94,35.2,35.2
6.96,34.56,34.56
6.98,33.26,33.26
7,31.81,31.81
7.02,29.15,29.15
7.04,27.94,27.94
7.06,27.08,27.08
7.08,26.27,26.27
7.1,24.47,24.47
7.12,21.96,21.96
7.14,19.03,19.03
7.16,16.66,16.66
7.18,14.71,14.71
7.2,13.82,13.82
7.22,13.2,13.2
7.24,13.36,13.36
7.26,13.79,13.79
7.28,13.69,13.69
7.3,13.13,
7.32,12.31,
7.34,12.06,
7.36,12.92,12.92
7.38,14.25,14.25
7.4,15.66,15.66
7.42,17.12,17.12
7.44,18.36,18.36
7.46,19.65,19.65
7.48,20.96,20.96
7.5,22.12,22.12
7.52,22.7,22.7
7.54,22.66,22.66
7.56,21.51,21.51
7.58,18.39,18.39
7.6,16.86,16.86
7.62,15.26,15.26
7.64,13.71,13.71
7.66,11.49,11.49
7.68,8.89,8.89
7.7,6.72,6.72
7.72,5.18,5.18
7.74,4.4,4.4
7.76,4.23,4.23
7.78,4.31,4.31
7.8,4.4,4.4
7.82,4.72,4.72
7.84,4.6,4.6
7.86,3.88,3.88
7.88,3.34,3.34
7.9,2.89,2.89
7.92,0,0
7.94,0,0
7.96,0,0
7.98,0,0
8,0,0
8.02,0,
8.04,0,0
8.06,0,0
8.08,2.95,2.95
8.1,3.6,3.6
8.12,4.23,4.23
8.14,4.98,4.98
8.16,7.4,7.4
8.18,8,8
8.2,8.78,8.78
8.22,8.94,8.94
8.24,8.81,8.81
8.26,8.85,8.85
8.28,8.69,8.69
8.3,8.44,8.44
8.32,8.15,8.15
8.34,7.98,7.98
8.36,8.18,8.18
8.38,8.76,8.76
8.4,9.56,9.56
8.42,10.08,10.08
8.44,10.57,10.57
8.46,10.83,10.83
8.48,11.17,11.17
8.5,10.96,10.96
8.52,10.26,10.26
8.54,9.74,9.74
8.56,9.34,9.34
8.58,9.29,9.29
8.6,9.67,9.67
8.62,9.3,9.3
8.64,9.55,9.55
8.66,10.36,10.36
8.68,10.96,10.96
8.7,11.86,11.86
8.72,12.7,12.7
8.74,13.71,13.71
8.76,14.66,14.66
8.78,16.6,16.6
8.8,16.94,16.94
8.82,16.91,16.91
8.84,17.5,17.5
8.86,18.42,18.42
8.88,19.29,19.29
8.9,20.13,20.13
8.92,20.89,20.89
8.94,21.6,21.6
8.96,22.06,22.06
8.98,22.51,22.51
9,23.02,23.02
9.02,23.57,23.57
9.04,24.56,24.56
9.06,25.76,25.76
9.08,27.12,27.12
9.1,28.54,28.54
9.12,33.3,33.3
9.14,33.85,33.85
9.16,33.73,
9.18,33.64,
9.2,33.85,
9.22,34.66,
9.24,35.24,35.24
9.26,35.07,
9.28,34.78,
9.3,34.1,
9.32,33.39,
9.34,32.73,
9.36,32.28,
9.38,32.42,
9.4,33.29,
9.42,34.23,
9.44,35.35,
9.46,37,
9.48,38.51,
9.5,40.15,
9.52,41.75,
9.54,44.97,
9.56,46.46,
9.58,47.87,
9.6,50.48,
9.62,51.54,
9.64,52.37,
9.66,53.31,
9.68,54.38,54.38
9.7,55.31,
9.72,57.17,
9.74,59.66,59.66
9.76,60.14,60.14
9.78,61.16,61.16
9.8,62.4,62.4
9.82,63.77,63.77
9.84,65.14,65.14
9.86,66.94,66.94
9.88,68.85,68.85
9.9,70.41,70.41
9.92,71.69,71.69
9.94,72.94,72.94
9.96,74.14,74.14
9.98,75.15,75.15
10,75.93,75.93
10.02,76.96,76.96
10.04,77.6,77.6
10.06,78.08,78.08
10.08,78.55,78.55
10.1,79.05,79.05
10.12,80,
10.14,80.07,80.07
10.16,80.9,80.9
10.18,81.03,81.03
10.2,81.71,81.71
10.22,82.26,82.26
10.24,82.67,
10.26,83.04,
10.28,83.5,
10.3,83.84,
10.32,84.23,
10.34,84.56,
10.36,84.55,
10.38,84.48,84.48
10.4,84.42,
10.42,84.56,
10.44,84.74,
10.46,84.97,
10.48,85.08,
10.5,85.28,
10.52,85.35,85.35
10.54,86.07,86.07
10.56,86.27,86.27
10.58,86.47,86.47
10.6,86.67,86.67
10.62,86.21,86.21
10.64,85.54,85.54
10.66,84.44,84.44
10.68,83.54,83.54
10.7,82.12,82.12
10.72,80.69,80.69
10.74,79.39,79.39
10.76,78.11,78.11
10.78,76.99,76.99
10.8,76.1,76.1
10.82,75.68,75.68
10.84,75.63,75.63
10.86,75.44,75.44
10.88,75.04,75.04
10.9,74.37,
10.92,74.4,
10.94,74.11,
10.96,73.39,
10.98,72.95,
11,72.56,72.56
11.02,71.89,
11.04,71.5,
11.06,71.15,
11.08,70.38,
11.1,69.16,
11.12,67.83,67.83
11.14,66.23,
11.16,64.43,
11.18,62.75,
11.2,60.84,
11.22,58.96,
11.24,56.97,
11.26,55.23,
11.28,53.91,53.91
11.3,52.68,
11.32,51.4,51.4
11.34,50.45,50.45
11.36,49.63,49.63
11.38,48.2,48.2
11.4,47.21,47.21
11.42,46.3,46.3
11.44,45.68,45.68
11.46,44.98,44.98
11.48,44.71,44.71
11.5,44.66,44.66
11.52,45.01,45.01
11.54,45.44,45.44
11.56,45.68,45.68
11.58,45.64,45.64
11.6,45.64,45.64
11.62,46.09,46.09
11.64,46.4,46.4
11.66,46.99,46.99
11.68,47.58,47.58
11.7,48.07,48.07
11.72,48.29,48.29
11.74,48.43,48.43
11.76,48.68,
11.78,48.88,48.88
11.8,49.01,
11.82,49.55,
11.84,50.02,
11.86,50.64,
11.88,51.59,
11.9,52.68,
11.92,53.65,
11.94,54.76,
11.96,55.97,55.97
11.98,57.07,
12,58.15,
12.02,59.05,
12.04,59.87,
12.06,60.24,60.24
12.08,59.04,
12.1,57.76,
12.12,56.86,
12.14,56.3,
12.16,55.96,
12.18,55.58,
12.2,55.26,
12.22,54.84,
12.24,54.51,
12.26,54.68,
12.28,54.99,
12.3,55.73,
12.32,56.64,
12.34,57.78,
12.36,58.62,
12.38,59.42,
12.4,60.26,
12.42,60.98,
12.44,61.43,
12.46,61.93,
12.48,62.38,
12.5,62.91,62.91
12.52,63.32,
12.54,63.86,
12.56,64.36,
12.58,64.74,
12.6,65.34,
12.62,65.73,
12.64,65.91,
12.66,66.09,
12.68,66.07,
12.7,65.37,
12.72,64.4,
12.74,63.76,
12.76,63.57,
12.78,63.42,
12.8,63.27,
12.82,63.07,
12.84,62.69,
12.86,62.57,
12.88,62.61,
12.9,62.51,
12.92,62.48,
12.94,62.54,
12.96,62.5,
12.98,62.92,
13,63.35,63.35
13.02,63.87,
13.04,64.11,
13.06,65.04,
13.08,65.86,
13.1,66.68,66.68
13.12,67.44,67.44
13.14,68.14,68.14
13.16,68.87,68.87
13.18,69.23,69.23
13.2,69.91,69.91
13.22,70.37,70.37
13.24,70.92,70.92
13.26,71.41,71.41
13.28,71.38,71.38
13.3,71.47,71.47
13.32,71.06,71.06
13.34,70.92,70.92
13.36,70.86,70.86
13.38,70.54,70.54
13.4,70.44,70.44
13.42,70.15,70.15
13.44,69.82,69.82
13.46,69.65,69.65
13.48,69.41,69.41
13.5,69.2,69.2
13.52,69.02,69.02
13.54,69.17,69.17
13.56,69.66,69.66
13.58,70.18,70.18
13.6,70.48,70.48
13.62,71.06,71.06
13.64,71.36,71.36
13.66,71.78,71.78
13.68,72.15,72.15
13.7,72.5,72.5
13.72,72.98,72.98
13.74,73.43,73.43
13.76,73.57,73.57
13.78,74.13,74.13
13.8,74.55,74.55
13.82,74.74,74.74
13.84,74.82,74.82
13.86,75.23,75.23
13.88,75.58,75.58
13.9,75.71,75.71
13.92,75.91,75.91
13.94,76.24,76.24
13.96,76.64,76.64
13.98,76.9,76.9
14,77.12,77.12
14.02,77.57,77.57
14.04,77.75,77.75
14.06,78.11,78.11
14.08,78.31,78.31
14.1,78.4,78.4
14.12,78.62,78.62
14.14,78.74,78.74
14.16,78.81,78.81
14.18,78.6,78.6
14.2,78.9,78.9
14.22,78.91,78.91
14.24,78.9,78.9
14.26,79.21,79.21
14.28,79.23,79.23
14.3,79.12,79.12
14.32,79,79
14.34,79.03,79.03
14.36,78.87,78.87
14.38,78.35,78.35
14.4,77.96,77.96
14.42,77.35,77.35
14.44,76.94,76.94
14.46,76.64,76.64
14.48,76.16,76.16
14.5,75.64,75.64
14.52,74.69,74.69
14.54,74.15,74.15
14.56,73.59,73.59
14.58,72.58,72.58
14.6,72.02,72.02
14.62,71.49,71.49
14.64,71.11,71.11
14.66,70.94,70.94
14.68,70.57,70.57
14.7,70.51,70.51
14.72,70.46,70.46
14.74,70.44,70.44
14.76,70.14,70.14
14.78,70.39,70.39
14.8,70.41,70.41
14.82,70.82,70.82
14.84,70.88,70.88
14.86,70.86,70.86
14.88,71.06,71.06
14.9,71.2,71.2
14.92,71.38,71.38
14.94,71.73,71.73
14.96,71.87,71.87
14.98,71.89,71.89
15,72.08,72.08
15.02,72.43,72.43
15.04,72.63,72.63
15.06,72.61,72.61
15.08,72.84,72.84
15.1,73.12,73.12
15.12,73.4,73.4
15.14,73.4,73.4
15.16,73.73,73.73
15.18,73.78,73.78
15.2,73.91,
15.22,74.31,
15.24,74.31,
15.26,74.54,74.54
15.28,74.68,74.68
15.3,73.93,73.93
15.32,73.36,73.36
15.34,73,73
15.36,72.56,72.56
15.38,72.36,72.36
15.4,72.13,72.13
15.42,71.97,71.97
15.44,71.81,71.81
15.46,71.6,71.6
15.48,71.74,71.74
15.5,71.91,71.91
15.52,71.1,71.1
15.54,69.15,69.15
15.56,67.07,67.07
15.58,64.94,64.94
15.6,60.45,60.45
15.62,58.73,58.73
15.64,57.2,57.2
15.66,55.73,55.73
15.68,54.71,54.71
15.7,53.68,53.68
15.72,52.75,52.75
15.74,51.56,51.56
15.76,50.76,50.76
15.78,49.94,49.94
15.8,49.07,49.07
15.82,48.12,48.12
15.84,47.54,
15.86,46.99,
15.88,46.47,46.47
15.9,45.41,45.41
15.92,44.07,44.07
15.94,40.97,40.97
15.96,39,
15.98,37.25,37.25
16,35.74,35.74
16.02,34.41,34.41
16.04,32.65,32.65
16.06,29.13,29.13
16.08,27.19,27.19
16.1,25.36,25.36
16.12,23.48,23.48
16.14,21.38,21.38
16.16,19.21,19.21
16.18,16.97,16.97
16.2,14.75,14.75
16.22,12.22,12.22
16.24,9.53,9.53
16.26,6.86,6.86
16.28,4.38,4.38
16.3,0,0
16.32,0,0
16.34,0,0
16.36,0,0
16.38,0,0
16.4,0,0
16.42,0,0
16.44,0,0
16.46,0,0
16.48,0,0
16.5,0,0
16.52,0,0
16.54,0,0
16.56,0,0
16.58,0,0
16.6,0,0
16.62,0,0
16.64,0,0
16.66,0,0
16.68,0,0
16.7,0,0
16.72,0,0
16.74,0,0
16.76,0,0
16.78,0,0
16.8,0,0
16.82,0,0
16.84,0,0
16.86,0,0
16.88,0,0
16.9,0,0
16.92,0,0
16.94,0,0
16.96,0,0
16.98,0,0
17,0,0
17.02,0,0
17.04,0,0
17.06,0,0
17.08,0,0
17.1,0,0
17.12,0,0
17.14,0,0
17.16,0,0
17.18,0,0
17.2,0,0
17.22,0,0
17.24,0,0
17.26,0,0
17.28,0,0
17.3,0,0
17.32,0,0
17.34,0,0
17.36,0,0
17.38,0,0
17.4,0,0
17.42,0,0
17.44,0,0
17.46,0,0
17.48,0,0
17.5,0,0
17.52,0,0
17.54,0,0
17.56,0,0
17.58,0,0
17.6,0,0
17.62,0,0
17.64,0,0
17.66,0,0
17.68,0,0
17.7,0,0
17.72,0,0
17.74,0,0
17.76,0,0
17.78,0,0
17.8,0,0
17.82,0,0
17.84,0,0
17.86,0,0
17.88,0,0
17.9,0,0
17.92,0,0
17.94,0,0
17.96,0,0
17.98,0,0
18,0,0
18.02,0,0
18.04,0,0
18.06,0,0
18.08,0,0
18.1,0,0
18.12,0,0
18.14,0,0
18.16,0,0
18.18,0,0
18.2,0,0
18.22,0,0
18.24,0,0
18.26,0,0
18.28,0,0
18.3,0,0
18.32,0,0
18.34,0,0
18.36,0,0
18.38,0,0
18.4,4.96,4.96
18.42,7.06,7.06
18.44,8.96,8.96
18.46,10.59,10.59
18.48,11.87,11.87
18.5,12.64,12.64
18.52,13.03,13.03
18.54,13.21,13.21
18.56,13.46,13.46
18.58,13.52,13.52
18.6,13.62,13.62
18.62,14.45,14.45
18.64,15.4,15.4
18.66,16.25,16.25
18.68,16.72,16.72
18.7,16.79,16.79
18.72,16.86,16.86
18.74,17.93,17.93
18.76,18.85,18.85
18.78,19.79,19.79
18.8,20.79,20.79
18.82,21.96,21.96
18.84,23.28,23.28
18.86,24.57,24.57
18.88,25.85,25.85
18.9,27.28,27.28
18.92,27.8,27.8
18.94,28.52,28.52
18.96,29.59,29.59
18.98,31.89,31.89
19,33.04,33.04
19.02,34.15,34.15
19.04,35.1,35.1
19.06,36.17,36.17
19.08,36.91,36.91
19.1,37.37,
19.12,37.93,
19.14,38.5,
19.16,39.25,
19.18,40.16,40.16
19.2,41.15,
19.22,42.11,
19.24,43.16,
19.26,44.27,44.27
19.28,45.09,
19.3,45.82,
19.32,46.52,46.52
19.34,46.86,46.86
19.36,47.18,47.18
19.38,47.66,47.66
19.4,48.29,48.29
19.42,49.08,49.08
19.44,49.75,49.75
19.46,50.38,50.38
19.48,50.58,50.58
19.5,50.81,50.81
19.52,50.93,50.93
19.54,50.49,50.49
19.56,49.1,49.1
19.58,48.04,48.04
19.6,47.3,47.3
19.62,46.27,46.27
19.64,46.68,46.68
19.66,46.69,46.69
19.68,47.24,47.24
19.7,47.59,47.59
19.72,48.09,48.09
19.74,48.49,48.49
19.76,48.75,48.75
19.78,48.47,48.47
19.8,48.19,48.19
19.82,47.81,47.81
19.84,47.76,47.76
19.86,48.27,48.27
19.88,48.86,48.86
19.9,48.93,
19.92,49.08,
19.94,49.34,
19.96,50.68,50.68
19.98,51.74,51.74
20,52.8,52.8
20.02,53.9,53.9
20.04,55.01,55.01
20.06,55.98,55.98
20.08,57.05,57.05
20.1,58.02,58.02
20.12,58.73,58.73
20.14,59.34,59.34
20.16,59.61,59.61
20.18,60.28,60.28
20.2,60.59,60.59
20.22,61.16,61.16
20.24,61.47,61.47
20.26,61.92,61.92
20.28,62.15,62.15
20.3,62.46,62.46
20.32,62.77,62.77
20.34,62.91,62.91
20.36,62.67,62.67
20.38,62.21,62.21
20.4,61.88,61.88
20.42,61.19,61.19
20.44,60.92,60.92
20.46,60.41,60.41
20.48,59.99,59.99
20.5,59.51,59.51
20.52,58.91,58.91
20.54,57.96,57.96
20.56,57.18,57.18
20.58,56.28,
20.6,55.68,
20.62,55.65,
20.64,55.79,
20.66,55.76,
20.68,56.1,56.1
20.7,56.43,
20.72,56.85,
20.74,57.17,57.17
20.76,56.81,56.81
20.78,56.53,56.53
20.8,56.01,56.01
20.82,55.53,55.53
20.84,55.71,55.71
20.86,55.36,55.36
20.88,54.53,54.53
20.9,52.82,52.82
20.92,50.74,50.74
20.94,48.42,48.42
20.96,45.42,45.42
20.98,44.19,44.19
21,43.39,43.39
21.02,43.04,43.04
21.04,43.37,43.37
21.06,44.28,44.28
21.08,44.31,44.31
21.1,44.57,44.57
21.12,44.51,44.51
21.14,44.64,44.64
21.16,45.12,45.12
21.18,45.54,45.54
21.2,45.76,45.76
21.22,45.92,45.92
21.24,46.04,
21.26,46.29,
21.28,46.31,
21.3,46.95,46.95
21.32,47.68,
21.34,50.18,
21.36,51.66,
21.38,52.97,52.97
21.4,54.09,54.09
21.42,55.74,55.74
21.44,56.66,56.66
21.46,57.89,57.89
21.48,58.71,58.71
21.5,59.63,59.63
21.52,60.25,60.25
21.54,60.8,60.8
21.56,60.93,60.93
21.58,61.08,61.08
21.6,61.72,61.72
21.62,62.39,62.39
21.64,63.42,63.42
21.66,63.96,63.96
21.68,64.21,64.21
21.7,63.85,63.85
21.72,63.38,63.38
21.74,63.1,63.1
21.76,62.87,62.87
21.78,62.94,62.94
21.8,63.25,63.25
21.82,63.5,63.5
21.84,64.07,64.07
21.86,64.57,64.57
21.88,64.68,64.68
21.9,64.64,64.64
21.92,64.88,64.88
21.94,65.41,65.41
21.96,65.28,
21.98,65.32,
22,65.95,
22.02,66.43,
22.04,66.99,
22.06,67.51,67.51
22.08,68.11,
22.1,68.71,
22.12,69.38,
22.14,69.83,
22.16,70.21,
22.18,70.41,
22.2,70.63,70.63
22.22,70.76,
22.24,70.6,
22.26,70.64,
22.28,70.63,
22.3,70.65,
22.32,70.72,
22.34,70.76,
22.36,70.69,70.69
22.38,70.6,
22.4,70.57,
22.42,70.52,
22.44,70.72,
22.46,70.77,
22.48,71.07,
22.5,71.18,
22.52,71.09,
22.54,71.01,
22.56,70.87,
22.58,70.44,
22.6,70.55,
22.62,71,
22.64,71.52,
22.66,72.14,
22.68,72.59,
22.7,73,
22.72,73.24,
22.74,73.47,
22.76,73.23,
22.78,73.3,
22.8,73.37,
22.82,73.39,
22.84,73.5,
22.86,73.74,
22.88,74.03,
22.9,74.39,
22.92,75.01,
22.94,75.19,
22.96,75.46,
22.98,75.56,
23,75.84,75.84
23.02,76.1,
23.04,76.57,
23.06,76.85,
23.08,77.3,
23.1,77.61,77.61
23.12,77.82,
23.14,78.47,
23.16,78.8,78.8
23.18,79.09,
23.2,79.69,79.69
23.22,80.21,80.21
23.24,80.63,80.63
23.26,81.18,81.18
23.28,81.66,81.66
23.3,82.08,82.08
23.32,82.69,82.69
23.34,83.24,83.24
23.36,83.78,83.78
23.38,84.37,84.37
23.4,84.86,84.86
23.42,85.32,85.32
23.44,85.86,85.86
23.46,86.22,86.22
23.48,86.53,86.53
23.5,86.81,86.81
23.52,86.97,86.97
23.54,86.68,86.68
23.56,86.69,86.69
23.58,86.69,86.69
23.6,86.65,86.65
23.62,86.42,86.42
23.64,86.45,86.45
23.66,86.74,86.74
23.68,86.38,86.38
23.7,85.69,85.69
23.72,85.02,85.02
23.74,84.54,84.54
23.76,84.16,84.16
23.78,83.31,83.31
23.8,81.74,81.74
23.82,80.17,80.17
23.84,78.44,78.44
23.86,76.73,76.73
23.88,75.13,75.13
23.9,73.41,
23.92,71.45,
23.94,69.79,
23.96,67.89,
23.98,66,
24,64.31,
24.02,62.09,
24.04,60.04,
24.06,57.7,57.7
24.08,56.06,
24.1,52.56,
24.12,52.21,
24.14,51.71,
24.16,51.31,
24.18,51.18,
24.2,51.07,
24.22,50.36,50.36
24.24,50.13,
24.26,49.15,
24.28,47.4,
24.3,46.29,46.29
24.32,46.28,46.28
24.34,46.76,46.76
24.36,47.42,47.42
24.38,47.79,47.79
24.4,47.93,47.93
24.42,48.23,48.23
24.44,48.1,48.1
24.46,48.3,48.3
24.48,48.16,48.16
24.5,47.91,47.91
24.52,47.58,47.58
24.54,46.63,46.63
24.56,45.66,45.66
24.58,44.73,44.73
24.6,43.94,43.94
24.62,43.23,43.23
24.64,42.75,42.75
24.66,42.61,42.61
24.68,42.32,42.32
24.7,42.15,42.15
24.72,41.44,41.44
24.74,40.32,40.32
24.76,39.98,39.98
24.78,39.21,
24.8,38.73,
24.82,37.41,
24.84,35.73,
24.86,33.87,
24.88,32.44,
24.9,31.25,
24.92,30.37,
24.94,29.69,29.69
24.96,28.79,
24.98,27.94,
25,26.69,
25.02,25.41,
25.04,24.15,
25.06,22.89,
25.08,19.86,
25.1,18.53,
25.12,16.97,
25.14,15.17,
25.16,13.43,
25.18,11.95,
25.2,10.83,
25.22,9.88,
25.24,9.1,
25.26,8.34,8.34
25.28,7.65,
25.3,6.79,
25.32,5.62,
25.34,4.49,
25.36,3.51,
25.38,0,
25.4,0,
25.42,0,
25.44,0,
25.46,0,
25.48,0,
25.5,0,
25.52,0,
25.54,0,
25.56,0,
25.58,0,
25.6,0,
25.62,0,
25.64,0,
25.66,3.44,
25.68,5.68,
25.7,7.95,
25.72,10.02,
25.74,12.21,
25.76,14.58,
25.78,16.87,16.87
25.8,19.03,
25.82,21.05,
25.84,22.78,
25.86,24.01,
25.88,24.52,
25.9,24.66,
25.92,24.48,24.48
25.94,24.19,24.19
25.96,23.97,23.97
25.98,24.41,24.41
26,25.1,25.1
26.02,26.24,26.24
26.04,27.4,27.4
26.06,28.74,28.74
26.08,31.71,31.71
26.1,33.34,33.34
26.12,35.01,35.01
26.14,36.38,36.38
26.16,37.72,37.72
26.18,38.87,38.87
26.2,39.93,39.93
26.22,40.71,40.71
26.24,40.95,40.95
26.26,41.11,41.11
26.28,41.49,41.49
26.3,41.66,41.66
26.32,41.41,41.41
26.34,41.23,41.23
26.36,39.86,39.86
26.38,38.55,38.55
26.4,37.38,37.38
26.42,36.56,36.56
26.44,35.76,35.76
26.46,36.01,36.01
26.48,36.36,36.36
26.5,36.46,36.46
26.52,36.61,36.61
26.54,36.49,36.49
26.56,36.57,36.57
26.58,35.06,35.06
26.6,33.64,33.64
26.62,31.8,31.8
26.64,30.39,30.39
26.66,29.3,29.3
26.68,27.53,27.53
26.7,26.61,26.61
26.72,25.52,25.52
26.74,22.57,22.57
26.76,20.53,20.53
26.78,20.11,20.11
26.8,20.15,20.15
26.82,19.99,
26.84,19.93,
26.86,19.96,
26.88,20.49,
26.9,21.83,
26.92,23.65,23.65
26.94,25.53,
26.96,27.08,
26.98,27.83,
27,28.69,
27.02,30.22,
27.04,31.51,
27.06,32.83,
27.08,34.01,
27.1,35.28,
27.12,36.3,
27.14,36.89,
27.16,37.35,37.35
27.18,37.48,
27.2,37.57,
27.22,37.4,
27.24,35.96,
27.26,33.5,33.5
27.28,30.92,
27.3,28.55,
27.32,26.89,
27.34,26.5,
27.36,26.8,
27.38,27.42,
27.4,28.04,28.04
27.42,28.52,
27.44,28.76,
27.46,28.74,
27.48,28.71,
27.5,28.79,
27.52,28.21,
27.54,26.99,
27.56,26.28,
27.58,25.87,
27.6,25.68,
27.62,26.05,
27.64,27.24,
27.66,28.3,
27.68,29.35,
27.7,30.23,
27.72,31.14,
27.74,32.15,
27.76,33.12,33.12
27.78,33.97,
27.8,35.38,
27.82,37.17,
27.84,40.37,
27.86,41.9,
27.88,43.32,43.32
27.9,44.72,
27.92,46.07,
27.94,47.43,
27.96,48.81,
27.98,49.91,49.91
28,50.99,
28.02,52.13,
28.04,53.25,
28.06,54.37,
28.08,55.36,
28.1,56.49,56.49
28.12,57.84,
28.14,58.91,
28.16,61.36,
28.18,62.45,62.45
28.2,63.4,
28.22,64.36,
28.24,65.32,
28.26,66.42,66.42
28.28,66.98,66.98
28.3,67.48,67.48
28.32,68.06,68.06
28.34,68.47,68.47
28.36,69.04,69.04
28.38,69.05,69.05
28.4,68.77,68.77
28.42,68.57,68.57
28.44,68,68
28.46,67.55,67.55
28.48,67.51,67.51
28.5,67.77,67.77
28.52,68.42,68.42
28.54,69.02,69.02
28.56,69.43,69.43
28.58,70.17,70.17
28.6,70.49,70.49
28.62,70.66,70.66
28.64,70.85,70.85
28.66,71.21,71.21
28.68,71.58,71.58
28.7,71.84,71.84
28.72,72.06,72.06
28.74,72.48,72.48
28.76,72.99,72.99
28.78,73.45,73.45
28.8,73.57,73.57
28.82,74.05,74.05
28.84,74.46,74.46
28.86,75.08,75.08
28.88,75.38,75.38
28.9,75.79,75.79
28.92,76.06,76.06
28.94,76.26,76.26
28.96,76.54,76.54
28.98,76.86,76.86
29,77,77
29.02,77.34,77.34
29.04,77.42,77.42
29.06,77.7,77.7
29.08,77.86,77.86
29.1,78.02,78.02
29.12,78.35,78.35
29.14,78.28,78.28
29.16,78.08,78.08
29.18,78.05,78.05
29.2,77.87,77.87
29.22,77.74,77.74
29.24,77.63,77.63
29.26,77.44,77.44
29.28,77.54,77.54
29.3,77.5,77.5
29.32,77.29,77.29
29.34,77.13,77.13
29.36,76.77,76.77
29.38,76.41,76.41
29.4,76.08,76.08
29.42,75.05,75.05
29.44,73.23,73.23
29.46,71.72,71.72
29.48,70.26,70.26
29.5,68.98,68.98
29.52,67.84,67.84
29.54,67.2,67.2
29.56,66.7,66.7
29.58,66.41,66.41
29.6,66.29,66.29
29.62,66.45,66.45
29.64,66.74,66.74
29.66,67.09,67.09
29.68,67.73,67.73
29.7,68.27,68.27
29.72,68.81,68.81
29.74,69.59,69.59
29.76,70.23,70.23
29.78,70.7,70.7
29.8,71.05,71.05
29.82,71.6,71.6
29.84,71.91,71.91
29.86,72.32,72.32
29.88,72.44,72.44
29.9,72.35,72.35
29.92,71.94,71.94
29.94,71.52,71.52
29.96,70.91,70.91
29.98,69.84,69.84
30,68.9,68.9
30.02,68.35,
30.04,67.99,
30.06,67.66,
30.08,67.65,
30.1,67.82,
30.12,67.85,
30.14,68,
30.16,68.07,
30.18,67.94,
30.2,68.18,68.18
30.22,68.47,
30.24,68.83,
30.26,69.31,69.31
30.28,69.86,69.86
30.3,70.55,70.55
30.32,71.05,71.05
30.34,71.37,71.37
30.36,71.62,71.62
30.38,71.13,71.13
30.4,70.51,70.51
30.42,69.46,69.46
30.44,68.43,68.43
30.46,67.56,67.56
30.48,66.84,66.84
30.5,66.59,66.59
30.52,66.33,66.33
30.54,65.96,65.96
30.56,65.67,65.67
30.58,65.65,65.65
30.6,66.14,66.14
30.62,66.69,66.69
30.64,67.01,67.01
30.66,67.39,67.39
30.68,67.83,67.83
30.7,68.34,68.34
30.72,68.83,68.83
30.74,69.35,69.35
30.76,69.68,69.68
30.78,70.03,70.03
30.8,70.4,70.4
30.82,70.97,70.97
30.84,71.47,71.47
30.86,71.87,71.87
30.88,72.42,72.42
30.9,72.74,72.74
30.92,73.26,73.26
30.94,73.02,73.02
30.96,73.05,
30.98,73.17,
31,73.27,
31.02,73.25,
31.04,73.03,
31.06,72.35,
31.08,71.6,
31.1,70.48,
31.12,70.2,
31.14,69.41,
31.16,68.92,
31.18,68.84,
31.2,68.6,
31.22,68.28,
31.24,68.54,
31.26,68.41,
31.28,68.44,
31.3,68.44,
31.32,68.69,
31.34,69.06,
31.36,69.46,69.46
31.38,69.95,69.95
31.4,70.61,70.61
31.42,71.47,71.47
31.44,72.26,72.26
31.46,73,73
31.48,73.75,73.75
31.5,74.72,74.72
31.52,75.33,75.33
31.54,76.22,76.22
31.56,77.04,77.04
31.58,77.79,77.79
31.6,78.46,78.46
31.62,79.12,79.12
31.64,79.98,79.98
31.66,80.77,80.77
31.68,81.39,81.39
31.7,82.14,82.14
31.72,82.52,82.52
31.74,83.71,83.71
31.76,84.25,84.25
31.78,84.8,84.8
31.8,85.3,85.3
31.82,85.92,85.92
31.84,86.55,86.55
31.86,87.29,87.29
31.88,87.77,87.77
31.9,88.14,88.14
31.92,88.64,88.64
31.94,88.59,88.59
31.96,88.45,88.45
31.98,87.78,87.78
32,87.12,87.12
32.02,86.53,86.53
32.04,86.03,86.03
32.06,85.87,85.87
32.08,85.77,85.77
32.1,85.66,85.66
32.12,85.42,85.42
32.14,85.39,85.39
32.16,85.26,
32.18,85.03,
32.2,84.78,
32.22,84.5,
32.24,84.05,
32.26,84,
32.28,84.07,
32.3,84.27,
32.32,84.54,
32.34,84.78,
32.36,84.9,
32.38,84.96,
32.4,85.12,
32.42,85.2,
32.44,85.06,
32.46,85.05,
32.48,84.87,
32.5,84.33,84.33
32.52,83.92,
32.54,83.54,
32.56,83.1,83.1
32.58,82.66,82.66
32.6,81.96,81.96
32.62,80.73,80.73
32.64,80.13,80.13
32.66,80.17,80.17
32.68,80.1,80.1
32.7,79.63,79.63
32.72,79.21,79.21
32.74,78.56,78.56
32.76,78.38,78.38
32.78,78.22,78.22
32.8,77.75,77.75
32.82,77.42,77.42
32.84,77.14,77.14
32.86,76.63,76.63
32.88,76.46,76.46
32.9,75.98,75.98
32.92,76.31,76.31
32.94,76.05,76.05
32.96,76.14,76.14
32.98,76.08,76.08
33,76.22,76.22
33.02,75.97,75.97
33.04,76.12,76.12
33.06,76.08,76.08
33.08,76.45,76.45
33.1,76.87,76.87
33.12,77.26,77.26
33.14,77.18,77.18
33.16,77.25,77.25
33.18,77.79,77.79
33.2,77.98,77.98
33.22,78.31,78.31
33.24,78.55,78.55
33.26,78.72,78.72
33.28,78.95,78.95
33.3,79.32,79.32
33.32,79.64,79.64
33.34,79.86,79.86
33.36,80.12,80.12
33.38,80.43,80.43
33.4,80.65,80.65
33.42,80.88,80.88
33.44,80.92,80.92
33.46,81.02,81.02
33.48,81.23,
33.5,81.36,
33.52,81.54,
33.54,81.92,
33.56,81.97,
33.58,82.15,
33.6,82.09,82.09
33.62,81.93,81.93
33.64,81.91,81.91
33.66,82.15,82.15
33.68,82.37,82.37
33.7,82.44,82.44
33.72,82.77,82.77
33.74,83.02,83.02
33.76,83.1,83.1
33.78,83.23,83.23
33.8,83.41,83.41
33.82,83.16,83.16
33.84,83.24,83.24
33.86,83.27,83.27
33.88,83.31,83.31
33.9,83.31,83.31
33.92,83.27,83.27
33.94,83.22,83.22
33.96,83.25,83.25
33.98,83.25,83.25
34,83.47,83.47
34.02,83.38,83.38
34.04,83.4,83.4
34.06,83.32,83.32
34.08,82.9,82.9
34.1,82.32,82.32
34.12,81.67,81.67
34.14,80.36,80.36
34.16,78.99,78.99
34.18,77.09,77.09
34.2,75.89,75.89
34.22,73.68,73.68
34.24,72.65,72.65
34.26,72.13,72.13
34.28,71.93,71.93
34.3,71.53,71.53
34.32,71.54,71.54
34.34,71.63,71.63
34.36,71.59,71.59
34.38,71.6,71.6
34.4,71.73,71.73
34.42,71.98,71.98
34.44,72.4,72.4
34.46,73.02,73.02
34.48,73.54,73.54
34.5,74.44,74.44
34.52,75.26,75.26
34.54,75.9,75.9
34.56,76.83,76.83
34.58,77.14,77.14
34.6,77.86,77.86
34.62,78.59,78.59
34.64,79.09,79.09
34.66,79.58,79.58
34.68,80.22,80.22
34.7,81.05,81.05
34.72,81.99,81.99
34.74,82.9,82.9
34.76,83.59,83.59
34.78,84.18,84.18
34.8,84.67,84.67
34.82,85.23,85.23
34.84,85.55,85.55
34.86,85.95,85.95
34.88,86.18,86.18
34.9,86.48,86.48
34.92,86.75,86.75
34.94,87.29,87.29
34.96,87.44,87.44
34.98,87.36,87.36
35,87.34,87.34
35.02,87.46,87.46
35.04,87.19,87.19
35.06,87.17,87.17
35.08,86.92,86.92
35.1,86.85,86.85
35.12,86.56,86.56
35.14,86.65,86.65
35.16,86.24,86.24
35.18,85.79,85.79
35.2,85.33,85.33
35.22,85.11,85.11
35.24,84.14,84.14
35.26,83.62,83.62
35.28,83.47,83.47
35.3,83.48,83.48
35.32,83.56,83.56
35.34,83.65,83.65
35.36,83.56,83.56
35.38,83.52,83.52
35.4,83.54,83.54
35.42,83.73,83.73
35.44,84.03,84.03
35.46,84.09,84.09
35.48,83.98,83.98
35.5,83.37,83.37
35.52,82.89,82.89
35.54,82.32,82.32
35.56,82.48,82.48
35.58,82.08,82.08
35.6,81.88,81.88
35.62,81.34,81.34
35.64,80.88,80.88
35.66,80.5,80.5
35.68,80.15,80.15
35.7,80.34,80.34
35.72,80.56,80.56
35.74,80.99,80.99
35.76,81.29,81.29
35.78,81.87,81.87
35.8,82.48,82.48
35.82,83.37,83.37
35.84,84.04,84.04
35.86,84.83,84.83
35.88,85.63,85.63
35.9,86.37,86.37
35.92,87.21,87.21
35.94,88.02,88.02
35.96,88.75,88.75
35.98,89.35,89.35
36,90.24,90.24
36.02,90.92,90.92
36.04,91.54,91.54
36.06,92.33,92.33
36.08,92.99,92.99
36.1,93.42,93.42
36.12,93.89,93.89
36.14,94.12,94.12
36.16,94.11,94.11
36.18,94.11,94.11
36.2,94.18,94.18
36.22,94.44,94.44
36.24,94.53,94.53
36.26,94.78,94.78
36.28,94.89,94.89
36.3,95.1,95.1
36.32,95.12,95.12
36.34,95.15,95.15
36.36,95.38,95.38
36.38,95.33,
36.4,95.2,
36.42,95,
36.44,94.52,
36.46,94.2,
36.48,94.05,
36.5,93.49,
36.52,93.34,
36.54,93.14,
36.56,92.76,
36.58,92.57,
36.6,92.44,
36.62,92.43,
36.64,92.43,
36.66,92.57,
36.68,92.73,
36.7,92.83,
36.72,93.27,
36.74,93.59,
36.76,93.82,
36.78,94.21,
36.8,94.17,
36.82,94.14,
36.84,94.17,
36.86,93.66,
36.88,93.03,
36.9,92.11,92.11
36.92,91.44,91.44
36.94,90.86,90.86
36.96,90.51,90.51
36.98,89.84,89.84
37,88.64,88.64
37.02,87.43,87.43
37.04,86.22,86.22
37.06,85.11,85.11
37.08,83.57,83.57
37.1,82.47,82.47
37.12,80.97,80.97
37.14,79.6,79.6
37.16,77.93,77.93
37.18,75.91,75.91
37.2,72.98,72.98
37.22,70.17,70.17
37.24,67.06,67.06
37.26,63.49,63.49
37.28,60.49,60.49
37.3,57.38,57.38
37.32,53.82,53.82
37.34,50.86,50.86
37.36,48.74,48.74
37.38,46.55,46.55
37.4,44.44,44.44
37.42,43.22,43.22
37.44,42.51,42.51
37.46,42.13,42.13
37.48,41.38,41.38
37.5,40.78,40.78
37.52,40.84,40.84
37.54,41.8,41.8
37.56,42.98,42.98
37.58,44.09,44.09
37.6,45.32,45.32
37.62,46.72,46.72
37.64,48.33,48.33
37.66,49.85,49.85
37.68,51.2,51.2
37.7,51.72,51.72
37.72,51.98,51.98
37.74,53.08,53.08
37.76,54.65,54.65
37.78,56.06,56.06
37.8,56.84,56.84
37.82,57.08,57.08
37.84,57.34,57.34
37.86,57.59,57.59
37.88,58.45,58.45
37.9,59.32,59.32
37.92,60.24,60.24
37.94,60.85,60.85
37.96,61.01,61.01
37.98,60.81,60.81
38,60.12,60.12
38.02,59.23,59.23
38.04,58.53,58.53
38.06,57.5,57.5
38.08,55.87,55.87
38.1,53.66,
38.12,52.35,
38.14,51.47,
38.16,50.71,
38.18,49.92,
38.2,48.87,
38.22,48.11,
38.24,47.03,
38.26,46.32,
38.28,46,
38.3,45.86,
38.32,46.09,
38.34,46.58,
38.36,47.17,
38.38,48.34,
38.4,49.01,
38.42,50.07,
38.44,50.96,50.96
38.46,51.91,51.91
38.48,52.74,52.74
38.5,52.89,52.89
38.52,52.94,52.94
38.54,53.63,53.63
38.56,54.29,54.29
38.58,54.8,54.8
38.6,55.49,55.49
38.62,56.07,56.07
38.64,56.93,56.93
38.66,57.37,57.37
38.68,57.55,57.55
38.7,58.09,58.09
38.72,58.47,58.47
38.74,59.25,59.25
38.76,59.63,59.63
38.78,60.38,60.38
38.8,60.99,60.99
38.82,61.17,61.17
38.84,62.17,62.17
38.86,62.46,62.46
38.88,63.03,63.03
38.9,63.07,63.07
38.92,63.65,63.65
38.94,64.2,64.2
38.96,64.33,64.33
38.98,64.44,64.44
39,64.9,64.9
39.02,64.77,64.77
39.04,64.7,64.7
39.06,64.57,64.57
39.08,64.62,64.62
39.1,64.79,64.79
39.12,64.99,64.99
39.14,65.39,65.39
39.16,65.65,65.65
39.18,65.89,65.89
39.2,65.17,65.17
39.22,64.57,64.57
39.24,64.15,64.15
39.26,63.85,63.85
39.28,63.08,63.08
39.3,62.71,62.71
39.32,61.97,61.97
39.34,61.5,61.5
39.36,60.06,60.06
39.38,58.14,58.14
39.4,56,56
39.42,53.73,53.73
39.44,52.55,52.55
39.46,52.31,52.31
39.48,52.79,52.79
39.5,52.81,52.81
39.52,52.83,52.83
39.54,52.86,52.86
39.56,52.68,52.68
39.58,51.96,51.96
39.6,51.22,51.22
39.62,50.26,50.26
39.64,49.39,49.39
39.66,48.67,48.67
39.68,48.15,48.15
39.7,47.74,47.74
39.72,47.71,47.71
39.74,48.15,48.15
39.76,48.4,48.4
39.78,48.88,48.88
39.8,50.18,50.18
39.82,51.14,51.14
39.84,52.28,52.28
39.86,53.27,53.27
39.88,54.12,54.12
39.9,54.73,
39.92,55.49,
39.94,56.08,
39.96,56.89,
39.98,57.72,
40,58.44,
40.02,59.34,
40.04,60.26,
40.06,60.88,
40.08,61.6,
40.1,62.37,
40.12,63.06,
40.14,63.83,
40.16,64.29,64.29
40.18,65.04,65.04
40.2,65.55,65.55
40.22,65.95,65.95
40.24,66.52,66.52
40.26,66.55,66.55
40.28,66.98,66.98
40.3,66.78,66.78
40.32,65.65,65.65
40.34,64.11,64.11
40.36,63.64,63.64
40.38,61.77,61.77
40.4,61.49,61.49
40.42,61.11,61.11
40.44,61.06,61.06
40.46,60.14,60.14
40.48,59.66,59.66
40.5,59.08,59.08
40.52,58.34,58.34
40.54,57.6,57.6
40.56,57.29,57.29
40.58,57.07,57.07
40.6,56.89,56.89
40.62,56.76,56.76
40.64,56.7,56.7
40.66,56.75,56.75
40.68,56.61,56.61
40.7,56.66,56.66
40.72,56.62,56.62
40.74,56.52,56.52
40.76,56.62,56.62
40.78,56.7,56.7
40.8,56.79,56.79
40.82,57.08,57.08
40.84,57.52,57.52
40.86,57.87,57.87
40.88,58.25,58.25
40.9,58.87,58.87
40.92,59.35,59.35
40.94,59.86,59.86
40.96,60.2,60.2
40.98,60.8,60.8
41,61.13,61.13
41.02,61.62,61.62
41.04,61.86,61.86
41.06,62.36,62.36
41.08,62.6,62.6
41.1,63.11,63.11
41.12,63.5,63.5
41.14,63.71,63.71
41.16,64.2,64.2
41.18,64.45,64.45
41.2,65.03,65.03
41.22,65.75,65.75
41.24,66.22,66.22
41.26,66.74,66.74
41.28,66.84,66.84
41.3,66.68,66.68
41.32,66.47,66.47
41.34,66.18,66.18
41.36,65.68,65.68
41.38,65.5,65.5
41.4,65.35,65.35
41.42,65.01,65.01
41.44,64.51,64.51
41.46,64.31,64.31
41.48,63.98,63.98
41.5,63.11,63.11
41.52,61.19,61.19
